obs,x1,x2,x3,x4,x5,y
1,6,7,26,60,2.5,85.5
2,15,1,29,52,2.3,76.0
3,8,11,56,20,5.0,110.4
4,8,11,31,47,2.4,90.6
5,6,7,52,33,2.4,103.5
6,9,11,55,22,2.4,109.8
7,17,3,71,6,2.1,108.0
8,22,1,31,44,2.2,71.6
9,18,2,54,22,2.3,97.0
10,4,21,47,26,2.5,122.7
11,23,1,40,34,2.2,83.1
12,9,11,66,12,2.6,115.4
13,8,10,68,12,2.4,116.3
14,18,1,17,61,2.1,62.6
